#Taken from Finance_1 Quiz week 4,
# #n<-15
# T<-0.25
# S<-100
# r<-0.02
# sigma<-0.3
# c<-0.01
# K<-100

#Excel
# n<-10
# T<-0.5
# S<-100
# r<-0.02
# sigma<-0.2
# c<-0.01
# K<-100

#metodic
n<-3
u<-1.07
d<-1/u
R<-1.01
K<-100
q<-(R-d)/(u-d)

#book page 336
# n<-6
# u<-1.02
# d<-0.99
# R<-1.01
# S<-100
# K<-102
# #q<-(R-d)/(u-d)
# q<-2/3
